---------
k: 5
0.053925925925925926 0.015671604938271605 0.012534315266519986
k: 10
0.11366666666666667 0.02838205467372134 0.020077934956292214
k: 20
0.22227777777777777 0.062452723379163876 0.03645902155439534
---------
k: 5
0.057555555555555554 0.018355555555555556 0.014669007533141008
k: 10
0.1308888888888889 0.03864650205761317 0.02670476646869239
k: 20
0.24355555555555555 0.07346380989303031 0.040028422362908274
---------
k: 5
0.06659259259259259 0.021410802469135803 0.016721148239368478
k: 10
0.15075925925925926 0.04491433715461493 0.029806352865996075
k: 20
0.22616666666666665 0.06548254418257213 0.03711345195656658
---------
k: 5
0.07551851851851851 0.026031172839506175 0.019991157454161027
k: 10
0.15185185185185185 0.04853127572016461 0.03294307246923175
k: 20
0.24005555555555555 0.07522805886653065 0.04181238624296894
---------
k: 5
0.084 0.029853395061728395 0.024779300222284258
k: 10
0.1592962962962963 0.050721406525573186 0.033854618821393095
k: 20
0.22907407407407407 0.07030688329096911 0.04049844017086827
('hr', 5) 0.06751851851851852
('r', 5) 0.022264506172839506
('ndcg', 5) 0.01773898574309495
('hr', 10) 0.14129259259259258
('r', 10) 0.04223911522633745
('ndcg', 10) 0.028677349116321103
('hr', 20) 0.23222592592592592
('r', 20) 0.06938680392245322
('ndcg', 20) 0.03918234445754148
