---------
k: 5
0.10296296296296296 0.03505462962962963 0.028816042003171456
k: 10
0.15925925925925927 0.047155393885949436 0.03265269448281858
k: 20
0.25483333333333336 0.07801876331021283 0.042776885978373355
---------
k: 5
0.09807407407407408 0.03296327160493827 0.027468397544769704
k: 10
0.1687962962962963 0.05040177101704879 0.03437092694668467
k: 20
0.23666666666666666 0.06990838132097807 0.04055899044408385
---------
k: 5
0.1055925925925926 0.034152777777777775 0.0287983423649317
k: 10
0.1522962962962963 0.04198334803057025 0.03077542421343534
k: 20
0.22 0.061544385878553404 0.03702334143678731
---------
k: 5
0.0997962962962963 0.03258641975308642 0.028856237789633664
k: 10
0.15205555555555555 0.0406867504409171 0.031858269850846443
k: 20
0.2291111111111111 0.06394206003866307 0.03938611199587017
---------
k: 5
0.10253703703703704 0.03271203703703704 0.027740640212344618
k: 10
0.15225925925925926 0.0420286669606114 0.030491819610946023
k: 20
0.20946296296296296 0.056514195527093275 0.034972753792102323
('hr', 5) 0.10179259259259262
('r', 5) 0.03349382716049382
('ndcg', 5) 0.02833593198297023
('hr', 10) 0.1569333333333333
('r', 10) 0.0444511860670194
('ndcg', 10) 0.032029827020946214
('hr', 20) 0.2300148148148148
('r', 20) 0.06598555721510013
('ndcg', 20) 0.0389436167294434

details:
start training
RBM 0
Vanilla RBM
{769, 3204, 4232, 4749, 6670, 4239, 3735, 4250, 7067, 6815, 6816, 5158, 1192, 2474, 1841, 817, 4797, 447, 5319, 2506, 4176, 4951, 2014, 3040, 3299, 3305, 4592, 4598, 6904}
29
hr 0.15925925925925927
recall 0.047155393885949436
ndcg 0.032653051714178864
start training
RBM 1
Vanilla RBM
{6018, 1797, 2059, 6670, 5753, 5525, 1048, 667, 2460, 4892, 5151, 6177, 2337, 4259, 5284, 2993, 3003, 1598, 2367, 2624, 2887, 4176, 3161, 6363, 3040, 3955, 7028, 375, 3577, 6650, 4731, 1917}
32
hr 0.1687962962962963
recall 0.05040177101704879
ndcg 0.034370299727933755
start training
RBM 2
Vanilla RBM
{3334, 5514, 780, 397, 529, 5012, 5525, 7060, 6935, 4761, 5151, 1824, 3875, 4651, 5934, 6705, 1841, 3012, 1348, 2629, 6486, 3161, 6363, 4059, 1121, 2145, 2274, 2664, 110, 755, 3955, 1907, 5113, 1535}
34
hr 0.1522962962962963
recall 0.04198334803057025
ndcg 0.030776175986699537
start training
RBM 3
Vanilla RBM
{6786, 1348, 2631, 2441, 2570, 2699, 3405, 6670, 529, 405, 7133, 5345, 1192, 4651, 4140, 6253, 110, 3823, 4718, 6705, 1075, 2355, 1907, 3063, 59, 445}
26
hr 0.15205555555555555
recall 0.0406867504409171
ndcg 0.031858269850846443
start training
RBM 4
Vanilla RBM
{389, 4105, 2445, 5902, 143, 7067, 2336, 7203, 935, 6823, 301, 1841, 4920, 1723, 5948, 6972, 3136, 2624, 3066, 3012, 582, 5706, 2379, 3539, 4437, 619, 620, 4465, 4471, 6904, 5753, 634, 4732, 5374}
34
hr 0.15225925925925926
recall 0.04203051881246326
ndcg 0.030491285816113545