RESULT 
- Take equal amount from each:
{7267, 7268, 7269, 7270, 7271, 7244, 7249, 7251, 7257, 7262}
10
k: 5
0.09166666666666666 0.02951049382716049 0.024164265712463367
100%|██████████| 27/27 [00:18<00:00,  1.44it/s]
{7244, 7249, 7250, 7251, 7257, 7129, 7259, 7262, 7267, 7268, 7269, 7270, 7271, 7274, 7230}
15
k: 10
0.17192592592592593 0.05200068342151675 0.03352613285994483
100%|██████████| 27/27 [00:19<00:00,  1.40it/s]{7186, 7190, 7205, 7220, 7228, 7230, 7238, 6600, 7243, 7244, 7246, 7247, 7248, 7249, 7250, 7251, 7253, 7255, 7257, 7129, 7259, 7262, 7266, 7267, 7268, 7269, 7270, 7271, 7273, 7274}
30
k: 20
0.2566111111111111 0.07964501758911373 0.04668715199143616

- Take highest rated:
{7268, 7270, 7249, 7186, 7250, 7257, 7259, 7262}
8
k: 5
0.09096296296296297 0.029575308641975308 0.024679024604122763

{7246, 7247, 7248, 7249, 7186, 7250, 7255, 7257, 7259, 7262, 7266, 7267, 7268, 7270, 7271, 7231}
16
k: 10
0.14905555555555555 0.04082278806584362 0.03096794137658713

{7186, 7068, 7094, 7230, 7231, 7244, 7245, 7246, 7247, 7248, 7249, 7250, 7251, 7255, 7257, 7258, 7259, 7129, 7262, 7135, 7266, 7267, 7268, 7269, 7270, 7271}
26
k: 20
0.2613888888888889 0.08106534484082213 0.04455311613243024

Original RBMS
---------
k: 5
0.0895 0.0290320987654321 0.023844187216725075
k: 10
0.1521111111111111 0.04321341857730747 0.02937175774088539
k: 20
0.23455555555555554 0.06887236490067157 0.038264957378896465
---------
k: 5
0.08722222222222223 0.02573888888888889 0.022681624700296277
k: 10
0.16366666666666665 0.04644206349206349 0.03067707462754616
k: 20
0.24738888888888888 0.07129170267209699 0.03907738107558944
---------
k: 5
0.08322222222222223 0.030475617283950613 0.025615574383071715
k: 10
0.14327777777777778 0.04290466637272194 0.03111571184779068
k: 20
0.1996851851851852 0.05729836975682779 0.03604789560313589
---------
k: 5
0.0832962962962963 0.029406790123456792 0.024102869482983597
k: 10
0.1353148148148148 0.0415514035861258 0.028595697499700957
k: 20
0.21674074074074073 0.06351744376003922 0.03612148284149625
---------
k: 5
0.0805 0.02536265432098765 0.022025439300650006
k: 10
0.12918518518518518 0.03667455908289242 0.025891868950764185
k: 20
0.19790740740740742 0.05636424424818387 0.03224780117814085
('hr', 5) 0.08474814814814816
('r', 5) 0.02800320987654321
('ndcg', 5) 0.023653939016745333
('hr', 10) 0.1447111111111111
('r', 10) 0.04215722222222222
('ndcg', 10) 0.02913042213333747
('hr', 20) 0.21925555555555554
('r', 20) 0.06346882506756388
('ndcg', 20) 0.03635190361545178

