score:
{7234, 7248, 7249, 7251, 7128, 7259, 7142, 7206, 7210, 7212, 7216, 7220, 7226, 7227, 7164, 7231}
16
k: 5
0.053925925925925926 0.015671604938271605 0.012529173910603736
{7234, 7239, 7248, 7249, 7251, 7128, 7259, 7264, 7266, 7142, 7206, 7210, 7212, 7216, 7220, 7226, 7227, 7164, 7231}
19
k: 10
0.11366666666666667 0.02838205467372134 0.02024584434092299
{7175, 7054, 7206, 7207, 7210, 7212, 7216, 7220, 7226, 7227, 7229, 7231, 7233, 7234, 7238, 7239, 7244, 7247, 7248, 7249, 7251, 7124, 7254, 7128, 7259, 7264, 7266, 7267, 7268, 7141, 7142, 7274, 7275, 7164}
34
k: 20
0.2512037037037037 0.07651546759674985 0.04071973428603826

equal:
k: 5
0.05577777777777778 0.019369444444444443 0.013639339691902754
{7175, 7189, 7206, 7207, 7212, 7214, 7215, 7216, 7225, 7227, 7229, 7231, 7233, 7241, 7244, 7116, 7248, 7249, 7128, 7259, 7135, 7263, 7265, 7267, 7269, 7141, 7142, 7274, 7275, 7164}
30
k: 10
0.11488888888888889 0.03513813198118754 0.01942547073602169
{7175, 7189, 7206, 7207, 7210, 7212, 7214, 7215, 7216, 7220, 7225, 7226, 7227, 7228, 7229, 7231, 7233, 7241, 7244, 7116, 7247, 7248, 7249, 7250, 7251, 7254, 7128, 7258, 7259, 7263, 7135, 7265, 7264, 7267, 7268, 7269, 7141, 7142, 7270, 7273, 7274, 7275, 7164}
43
k: 20
0.2185925925925926 0.06820314345224905 0.031993130853486096