Score:
{7265, 7233, 7267, 7207, 7242, 7248, 7251, 7256, 7160}
9
k: 5
0.07144444444444445 0.02352006172839506 0.024942403081939304
{7233, 7235, 7238, 7241, 7242, 7248, 7249, 7186, 7251, 7254, 7256, 7264, 7265, 7267, 7206, 7207, 7160, 7162, 7231}
19
k: 10
0.13766666666666666 0.038173111405055846 0.030487848182677604
{7172, 7179, 7186, 6806, 7194, 6048, 7206, 7207, 7208, 7087, 7216, 7225, 7231, 7232, 7233, 7235, 7238, 7241, 7242, 7243, 7248, 7249, 7251, 7253, 7254, 7256, 7258, 7259, 7262, 7264, 7265, 7267, 7275, 7149, 7155, 7160, 7162, 7164}
38
k: 20
0.23914814814814814 0.07208294333304008 0.04404308504159571

x from all
{7265, 7233, 7267, 7242, 7249, 7254}
6
k: 5
0.07103703703703704 0.0238429012345679 0.024496462828266813
{7233, 7241, 7242, 7243, 7179, 7248, 7249, 7251, 7254, 7256, 7194, 7262, 7265, 7267, 7269, 7206, 7155, 7225, 7231}
19
k: 10
0.13674074074074075 0.03741044238683127 0.02812598119388267
{7172, 7179, 7194, 7195, 7206, 7207, 7093, 7225, 7230, 7231, 7232, 7233, 7241, 7242, 7243, 7248, 7249, 7250, 7251, 7253, 7254, 7255, 7256, 7258, 7262, 7265, 7267, 7269, 7275, 7149, 7155, 7160}
32
k: 20
0.2528148148148148 0.07791856864819112 0.04238383777396525

Original
start training
RBM 0
Vanilla RBM
{7233, 7238, 7242, 7253, 7062, 7254, 7256, 7257, 7194, 7195, 7199, 7206, 7155, 7093, 7157, 7098, 7163, 7229}
18
hr 0.12172222222222222
recall 0.03291237507348618
ndcg 0.02244528396098205
start training
RBM 1
Vanilla RBM
{7233, 7235, 7238, 7248, 7186, 7251, 7256, 7259, 6048, 7265, 7264, 7207, 7208, 7087, 7160, 7162}
16
hr 0.1277962962962963
recall 0.03324196061140505
ndcg 0.02488753735754806
start training
RBM 2
Vanilla RBM
{7242, 7249, 7250, 7253, 7193, 7131, 7262, 6754, 7267, 7269, 7275, 7212, 7223, 7225, 7230}
15
hr 0.1592962962962963
recall 0.05010340241034686
ndcg 0.03384045359497827
start training
RBM 3
Vanilla RBM
{7232, 7172, 7241, 6861, 7054, 7057, 7125, 7256, 7258, 7131, 5276, 7267, 7079, 7209, 7212, 7213, 7149, 7027, 6973, 7231}
20
hr 0.1290925925925926
recall 0.03629536302175191
ndcg 0.027090190323367173
start training
RBM 4
Vanilla RBM
{7233, 7045, 7243, 7179, 7249, 7251, 7188, 7253, 7254, 7255, 7068, 7231, 6248, 7275, 7217, 7025, 7156, 7225, 7228, 7167}
20
hr 0.13570370370370372
recall 0.03969287184009407
ndcg 0.02681081024884373